ID,Piccadilly Circus Station London,London Bridge,St. Paul's Cathedral London,Buckingham Palace London,Hyde Park London,London eye,Westminster Abbey London,University of London,Waterloo Station London,Euston Station London,Farringdon Station London,Paddington Station London,Victoria Station London,The British Museum,Tower Bridge London,Kensington Palace London
1.2.1,17.59,82.41,,,,,,,,,,,,,,
1.2.3,4.96,95.04,,,,,,,,,,,,,,
1.2.5,92.43,7.57,,,,,,,,,,,,,,
1.2.10,27.98,72.02,,,,,,,,,,,,,,
1.2.15,31.30,68.70,,,,,,,,,,,,,,
1.5.1,8.87,58.63,13.98,17.36,1.16,,,,,,,,,,,
1.5.3,21.45,45.84,10.36,14.16,8.18,,,,,,,,,,,
1.5.5,0.00,20.84,23.77,22.69,32.70,,,,,,,,,,,
1.5.10,5.20,45.20,22.45,12.35,14.81,,,,,,,,,,,
1.5.15,0.00,5.11,24.24,40.10,30.56,,,,,,,,,,,
1.10.1,10.10,10.60,14.41,20.53,1.54,26.84,2.49,0.00,13.48,0.00,,,,,,
1.10.3,12.53,25.82,7.13,10.01,9.63,9.01,11.30,0.00,14.57,0.00,,,,,,
1.10.5,0.00,34.94,8.69,7.53,9.45,15.08,8.14,2.28,13.88,0.00,,,,,,
1.10.10,12.43,12.93,22.79,7.37,6.94,14.93,14.11,0.00,8.51,0.00,,,,,,
1.10.15,1.48,6.47,20.03,12.18,4.93,23.29,5.75,0.00,25.88,0.00,,,,,,
1.15.1,5.89,6.32,5.38,7.31,3.27,24.94,16.90,0.00,12.03,3.34,2.59,0.00,6.20,0.00,5.82,
1.15.3,9.61,2.36,11.32,17.42,0.79,16.81,7.55,0.00,11.99,0.00,3.65,0.00,6.37,3.83,8.30,
1.15.5,7.90,14.37,4.68,2.60,4.26,12.98,7.02,0.00,14.56,1.78,1.30,0.00,7.68,3.93,16.93,
1.15.10,7.01,20.62,11.45,5.23,6.64,13.51,1.48,0.00,14.89,0.00,1.71,0.00,7.30,0.00,10.16,
1.15.15,6.17,14.07,5.66,6.25,0.59,5.01,4.95,2.80,38.20,0.00,0.95,0.00,4.30,2.13,8.91,
3.2.1,39.82,,,,,60.18,,,,,,,,,,
3.2.3,55.28,,,,,44.72,,,,,,,,,,
3.2.5,30.03,,,,,69.97,,,,,,,,,,
3.2.10,23.64,,,,,76.36,,,,,,,,,,
3.2.15,50.78,,,,,49.22,,,,,,,,,,
3.5.1,12.27,,0.96,,,51.05,32.71,,,,,,,3.00,,
3.5.3,34.88,,9.95,,,34.88,13.05,,,,,,,7.24,,
3.5.5,34.58,,4.27,,,18.33,27.37,,,,,,,15.44,,
3.5.10,26.04,,9.33,,,30.84,18.54,,,,,,,15.25,,
3.5.15,24.44,,7.44,,,35.30,26.32,,,,,,,6.50,,
3.10.1,28.71,,5.81,,12.87,23.33,16.37,3.12,,0.00,4.25,,,0.00,5.54,
3.10.3,13.73,,4.63,,28.37,21.28,2.66,5.80,,4.43,6.65,,,3.32,9.12,
3.10.5,4.04,,5.10,,18.71,25.06,17.19,0.00,,4.16,3.18,,,3.16,19.40,
3.10.10,6.98,,5.58,,11.03,28.55,6.13,3.28,,0.00,6.49,,,0.00,31.97,
3.10.15,7.60,,3.88,,3.64,30.49,12.88,3.42,,3.30,9.02,,,3.47,22.30,
3.15.1,7.68,13.95,1.98,1.70,5.52,5.74,10.46,1.51,24.07,0.00,2.23,,6.26,1.06,16.52,1.32
3.15.3,8.98,18.82,3.18,13.86,8.08,13.54,5.14,2.39,9.79,2.12,3.82,,4.30,1.87,0.92,3.18
3.15.5,5.15,17.03,3.93,9.02,0.65,10.11,10.44,1.80,13.50,0.00,4.15,,9.12,3.20,9.40,2.51
3.15.10,0.00,8.46,4.07,10.38,5.14,19.84,7.34,4.58,10.15,2.26,8.11,,7.41,1.95,7.57,2.73
3.15.15,9.38,15.99,3.65,5.40,7.06,5.13,7.35,1.36,18.74,1.81,8.12,,9.01,0.00,4.33,2.67
4.15.1,7.72,1.50,3.18,6.93,8.80,5.15,13.52,4.10,5.23,3.92,7.01,12.14,2.64,9.40,,8.77
4.15.3,9.36,0.66,7.46,5.89,9.49,8.95,10.40,0.88,6.39,10.65,4.42,5.18,0.83,12.48,,6.97
4.15.5,6.62,1.43,6.47,7.46,10.15,7.41,5.92,3.05,8.34,3.97,15.91,8.73,4.00,3.39,,7.14
4.15.10,7.93,2.47,7.05,7.79,11.51,3.36,2.00,1.95,12.00,4.87,7.19,9.36,4.11,7.59,,10.83
4.15.15,6.38,1.21,4.54,8.93,8.64,8.30,5.58,3.19,12.75,3.02,5.76,10.45,3.39,13.13,,4.76
5.5.1,31.01,26.08,18.45,,,,13.77,,,10.69,,,,,,
5.5.3,24.08,16.85,23.18,,,,15.29,,,20.60,,,,,,
5.5.5,33.61,5.81,23.72,,,,26.70,,,10.16,,,,,,
5.5.10,28.91,15.10,18.67,,,,27.26,,,10.07,,,,,,
5.5.15,9.33,18.77,26.23,,,,29.36,,,16.31,,,,,,
5.10.1,9.90,4.21,10.98,,8.18,9.29,11.78,5.18,,1.81,,7.35,,,31.32,
5.10.3,20.37,7.47,7.61,,4.79,10.27,18.79,4.85,,4.31,,12.13,,,9.39,
5.10.5,15.97,14.54,7.60,,3.40,5.88,18.90,5.39,,4.20,,7.74,,,16.39,
5.10.10,15.48,15.20,3.52,,4.44,21.41,15.66,4.27,,5.40,,8.38,,,6.23,
5.10.15,23.80,12.16,13.19,,4.41,10.67,17.14,4.68,,4.16,,5.40,,,4.39,
5.15.1,3.35,4.68,7.97,7.98,1.96,11.00,11.97,3.74,12.15,3.97,,1.85,3.87,4.80,5.30,15.41
5.15.3,2.34,7.81,8.56,13.29,2.96,7.67,6.40,3.02,11.66,2.92,,4.23,7.32,6.68,12.56,2.57
5.15.5,6.69,4.33,8.62,4.62,2.42,7.63,6.63,8.14,4.28,3.51,,1.53,12.48,5.50,8.28,15.34
5.15.10,10.27,12.72,4.89,4.52,2.85,4.38,4.47,2.81,11.07,8.12,,3.54,19.60,3.37,5.31,2.11
5.15.15,0.94,10.28,4.18,3.96,1.25,23.39,11.79,2.02,7.06,9.28,,5.76,6.68,1.29,7.99,4.13
2.15.1,,22.35,2.42,8.40,3.50,9.00,6.54,0.00,1.34,2.07,5.25,23.83,0.00,2.25,1.75,11.30
2.15.3,,15.13,9.95,7.12,3.59,3.92,4.31,0.00,10.34,1.40,3.37,0.00,0.00,1.80,28.92,10.17
2.15.5,,26.41,5.42,4.86,10.43,5.71,6.29,0.00,7.88,1.39,3.58,0.00,0.00,1.45,17.34,9.24
2.15.10,,8.58,18.28,3.69,2.30,8.50,12.17,8.31,4.92,0.00,3.56,0.86,1.76,0.89,19.13,7.05
2.15.15,,17.25,4.62,9.32,2.14,19.28,4.34,0.00,7.42,1.06,3.03,8.78,4.75,4.39,8.13,5.49
2.10.1,,,11.48,16.12,,22.20,,8.11,21.19,2.30,,0.00,,3.06,15.54,0.00
2.10.3,,,14.36,17.97,,33.89,,0.00,10.76,1.97,,5.38,,1.78,0.00,13.89
2.10.5,,,36.45,7.94,,11.09,,0.00,12.48,2.00,,0.00,,1.59,19.14,9.32
2.10.10,,,22.62,10.94,,16.24,,0.00,6.81,1.31,,23.33,,1.56,7.33,9.84
2.10.15,,,28.03,6.42,,5.55,,0.00,24.47,1.19,,23.12,,1.80,2.63,6.78
2.5.1,,,,38.12,,,,0.00,,5.24,,0.00,,,56.64,
2.5.3,,,,56.42,,,,0.00,,5.97,,0.00,,,37.61,
2.5.5,,,,75.54,,,,0.00,,5.67,,0.00,,,18.79,
2.5.10,,,,32.97,,,,0.00,,4.86,,0.00,,,62.17,
2.5.15,,,,27.66,,,,0.00,,3.20,,0.00,,,69.15,
4.10.1,,,,4.16,15.89,21.40,,5.28,7.78,7.64,7.59,12.33,,3.89,,14.04
4.10.3,,,,10.19,36.20,9.09,,4.94,6.02,6.00,4.92,8.73,,7.80,,6.11
4.10.5,,,,10.11,5.12,16.80,,6.02,13.40,6.60,7.35,8.62,,12.71,,13.28
4.10.10,,,,8.83,10.91,10.93,,6.21,16.28,5.64,7.85,11.04,,9.93,,12.38
4.10.15,,,,10.78,22.45,6.73,,6.63,10.61,6.27,4.60,11.32,,3.73,,16.89
4.2.1,,,,,,42.65,,,,,,57.35,,,,
4.2.3,,,,,,28.25,,,,,,71.75,,,,
4.2.5,,,,,,45.60,,,,,,54.40,,,,
4.2.10,,,,,,100.00,,,,,,0.00,,,,
4.2.15,,,,,,42.68,,,,,,57.32,,,,
4.5.1,,,,,,21.83,,34.17,,15.28,,0.00,,,,28.71
4.5.3,,,,,,24.41,,13.62,,10.66,,20.07,,,,31.24
4.5.5,,,,,,24.40,,9.00,,11.68,,31.79,,,,23.12
4.5.10,,,,,,25.11,,10.99,,10.34,,26.86,,,,26.70
4.5.15,,,,,,19.72,,9.09,,22.44,,20.78,,,,27.97
5.2.1,,,,,,,60.47,,,39.53,,,,,,
5.2.3,,,,,,,75.76,,,24.24,,,,,,
5.2.5,,,,,,,78.52,,,21.48,,,,,,
5.2.10,,,,,,,66.55,,,33.45,,,,,,
5.2.15,,,,,,,76.25,,,23.75,,,,,,
2.2.1,,,,,,,,,,100.00,,0.00,,,,
2.2.3,,,,,,,,,,100.00,,0.00,,,,
2.2.5,,,,,,,,,,100.00,,0.00,,,,
2.2.10,,,,,,,,,,17.15,,82.85,,,,
2.2.15,,,,,,,,,,12.50,,87.50,,,,
